# Created by Octave 4.0.1, Sun Oct 28 16:09:27 2018 -02 <bruno@bruno-Lenovo-G40-80>
# name: ans
# type: scalar
26.58920671079703


# name: beta
# type: scalar
26.58920671079703


# name: m10
# type: scalar
0.3095


# name: m25
# type: scalar
0.89375


# name: m40
# type: scalar
1.496


# name: m55
# type: scalar
2.104


# name: p10
# type: matrix
# rows: 4
# columns: 1
 0.308
 0.31
 0.31
 0.31


# name: p25
# type: matrix
# rows: 4
# columns: 1
 0.894
 0.895
 0.893
 0.893


# name: p40
# type: matrix
# rows: 4
# columns: 1
 1.495
 1.496
 1.496
 1.497


# name: p55
# type: matrix
# rows: 4
# columns: 1
 2.105
 2.104
 2.104
 2.103


# name: r
# type: matrix
# rows: 4
# columns: 1
 1.770640523008318
 1.235896502225152
 0.2225467606476386
 -0.9436909195169605


# name: s10
# type: scalar
1.000000000000002e-06


# name: s25
# type: scalar
9.166666666666683e-07


# name: s40
# type: scalar
6.666666666666679e-07


# name: s55
# type: scalar
6.666666666665199e-07


# name: sigma
# type: scalar
1.867562546061686


# name: x
# type: matrix
# rows: 1
# columns: 100
 0 0.0505050505050505 0.101010101010101 0.1515151515151515 0.202020202020202 0.2525252525252525 0.303030303030303 0.3535353535353535 0.404040404040404 0.4545454545454545 0.5050505050505051 0.5555555555555556 0.6060606060606061 0.6565656565656566 0.7070707070707071 0.7575757575757576 0.8080808080808081 0.8585858585858586 0.9090909090909091 0.9595959595959596 1.01010101010101 1.060606060606061 1.111111111111111 1.161616161616162 1.212121212121212 1.262626262626263 1.313131313131313 1.363636363636364 1.414141414141414 1.464646464646465 1.515151515151515 1.565656565656566 1.616161616161616 1.666666666666667 1.717171717171717 1.767676767676768 1.818181818181818 1.868686868686869 1.919191919191919 1.96969696969697 2.02020202020202 2.07070707070707 2.121212121212121 2.171717171717172 2.222222222222222 2.272727272727272 2.323232323232323 2.373737373737374 2.424242424242424 2.474747474747475 2.525252525252525 2.575757575757576 2.626262626262626 2.676767676767677 2.727272727272727 2.777777777777778 2.828282828282828 2.878787878787879 2.929292929292929 2.97979797979798 3.03030303030303 3.080808080808081 3.131313131313131 3.181818181818182 3.232323232323232 3.282828282828283 3.333333333333333 3.383838383838384 3.434343434343434 3.484848484848485 3.535353535353535 3.585858585858586 3.636363636363636 3.686868686868687 3.737373737373737 3.787878787878788 3.838383838383838 3.888888888888889 3.939393939393939 3.98989898989899 4.040404040404041 4.090909090909091 4.141414141414141 4.191919191919192 4.242424242424242 4.292929292929293 4.343434343434343 4.393939393939394 4.444444444444445 4.494949494949495 4.545454545454545 4.595959595959596 4.646464646464646 4.696969696969697 4.747474747474747 4.797979797979798 4.848484848484849 4.898989898989899 4.94949494949495 5


# name: y
# type: matrix
# rows: 1
# columns: 100
 10 10.50505050505051 11.01010101010101 11.51515151515152 12.02020202020202 12.52525252525253 13.03030303030303 13.53535353535354 14.04040404040404 14.54545454545455 15.05050505050505 15.55555555555556 16.06060606060606 16.56565656565657 17.07070707070707 17.57575757575758 18.08080808080808 18.58585858585859 19.09090909090909 19.5959595959596 20.1010101010101 20.60606060606061 21.11111111111111 21.61616161616162 22.12121212121212 22.62626262626263 23.13131313131313 23.63636363636364 24.14141414141414 24.64646464646465 25.15151515151515 25.65656565656566 26.16161616161616 26.66666666666667 27.17171717171717 27.67676767676768 28.18181818181818 28.68686868686869 29.19191919191919 29.6969696969697 30.2020202020202 30.70707070707071 31.21212121212121 31.71717171717172 32.22222222222223 32.72727272727273 33.23232323232324 33.73737373737374 34.24242424242424 34.74747474747475 35.25252525252525 35.75757575757576 36.26262626262626 36.76767676767677 37.27272727272727 37.77777777777778 38.28282828282828 38.78787878787879 39.29292929292929 39.7979797979798 40.3030303030303 40.80808080808081 41.31313131313131 41.81818181818182 42.32323232323233 42.82828282828283 43.33333333333334 43.83838383838384 44.34343434343435 44.84848484848485 45.35353535353536 45.85858585858586 46.36363636363637 46.86868686868687 47.37373737373738 47.87878787878788 48.38383838383839 48.88888888888889 49.3939393939394 49.8989898989899 50.40404040404041 50.90909090909091 51.41414141414142 51.91919191919192 52.42424242424243 52.92929292929293 53.43434343434344 53.93939393939394 54.44444444444445 54.94949494949496 55.45454545454546 55.95959595959597 56.46464646464647 56.96969696969698 57.47474747474748 57.97979797979799 58.48484848484848 58.98989898989899 59.49494949494949 60


